101 0.00 0.00 0 
_______________________________________
102 67.33 13.47 1 
_______________________________________
103 0.00 0.00 0 
_______________________________________
104 67.33 13.47 1 
_______________________________________
105 0.00 0.00 0 
_______________________________________
106 67.33 13.47 1 
_______________________________________
107 67.33 13.47 1 
_______________________________________
108 200.0 40.00 1 
_______________________________________
109 0.00 0.00 0 
_______________________________________
110 0.00 0.00 0 
_______________________________________
